5 5
24 -454 -14 -760 -253 -497 -708 -681 -224 -663 -566 -704 -73 -272 -319 -578 -461 -376 -157 -903 -342 -97 -539 -834 -382 -381 -8 -539 -269 -494 -408 -459 -202 -553 -642 -528 -670 -52 -242 -106 -287 -323 -320 -125 -283 -825 -968 -776 -459 -932
579 -85 -811 -610 -399 -522 -311 -867 -474 -320 -215 -839 -756 -114 -622 -306 -462 -711 -328 -44 -445 -324 -483 -206 -836 -572 -175 -338 -465 -89 -360 -178 -878 -880 -796 -444 -67 -223 -344 -373 -106 -858 -904 -603 -435 -71 -711 -399 -993 -407
667 -187 -533 -574 -588 -944 -570 -940 -414 -332 -136 -885 -950 -185 -797 -174 -290 -353 -713 -161 -771 -529 -736 -995 -7 -196 -109 -835 -378 -754 -741 -830 -694 -272 -554 -65 -99 -402 -890 -478 -912 -405 -679 -804 -34 -418 -64 -280 -924 -168
567 -296 -600 -130 -804 -689 -605 -873 -739 -878 -98 -914 -425 -317 -130 -635 -460 -277 -608 -370 -916 -859 -916 -704 -621 -685 -214 -36 -622 -790 -203 -730 -695 -323 -167 -197 -806 -21 -882 -898 -883 -712 -597 -424 -909 -555 -566 -461 -964 -658
658 -34 -448 -337 -851 -146 -554 -177 -578 -431 -865 -719 -807 -726 -296 -979 -62 -148 -383 -191 -732 -152 -238 -817 -91 -451 -113 -122 -3 -405 -144 -624 -354 -810 -502 -520 -12 -501 -437 -592 -542 -84 -632 -973 -823 -156 -330 -664 -136 -326
925 -982 -158 -754 -492 -408 -126 -627 -101 -944 -80 -276 -449 -166 -591 -737 -311 -906 -640 -544 -296 -282 -8 -473 -748 -502 -675 -29 -892 -586 -27 -539 -505 -68 -566 -673 -6 -439 -267 -744 -921 -303 -78 -584 -856 -405 -754 -87 -321 -877
310 -668 -754 -103 -907 -8 -483 -451 -269 -200 -680 -921 -632 -220 -180 -775 -773 -419 -666 -132 -804 -755 -605 -133 -452 -459 -939 -573 -250 -524 -429 -867 -543 -504 -35 -110 -189 -953 -326 -12 -842 -301 -149 -580 -406 -32 -220 -480 -234 -282
498 -912 -585 -843 -329 -722 -299 -341 -412 -30 -280 -177 -516 -498 -266 -764 -123 -865 -598 -107 -749 -33 -581 -44 -196 -212 -525 -31 -811 -983 -813 -166 -52 -242 -250 -353 -790 -944 -587 -212 -513 -480 -835 -565 -141 -978 -512 -8 -210 -198
368 -358 -136 -481 -540 -918 -707 -505 -495 -738 -423 -900 -248 -981 -18 -556 -926 -19 -898 -325 -459 -66 -84 -522 -861 -136 -847 -869 -257 -269 -945 -910 -288 -826 -856 -678 -415 -490 -707 -579 -306 -64 -442 -270 -449 -185 -147 -20 -765 -811
479 -283 -700 -510 -564 -102 -395 -339 -628 -385 -580 -194 -414 -304 -177 -792 -259 -62 -79 -104 -820 -826 -974 -385 -698 -719 -968 -81 -23 -539 -712 -857 -339 -280 -501 -929 -225 -826 -735 -940 -459 -328 -738 -976 -2 -886 -336 -231 -379 -962
44 -953 -198 -374 -308 -6 -9 -221 -766 -518 -61 -289 -735 -675 -40 -437 -927 -786 -171 -807 -433 -246 -227 -384 -394 -349 -157 -966 -864 -279 -462 -290 -693 -4 -130 -86 -140 -622 -174 -409 -675 -351 -47 -414 -825 -555 -516 -761 -218 -553
569 -428 -64 -414 -342 -594 -317 -363 -696 -58 -879 -769 -742 -845 -355 -770 -966 -99 -557 -625 -905 -267 -934 -52 -60 -794 -463 -104 -761 -846 -485 -783 -725 -811 -229 -70 -891 -885 -986 -842 -265 -176 -293 -692 -362 -781 -461 -841 -660 -517
671 -639 -666 -130 -727 -869 -316 -348 -456 -467 -142 -402 -784 -874 -238 -42 -88 -997 -410 -771 -986 -456 -578 -72 -275 -504 -985 -368 -620 -355 -994 -412 -620 -377 -601 -456 -576 -363 -791 -429 -333 -875 -546 -30 -508 -933 -309 -714 -520 -676
187 -650 -541 -423 -714 -4 -481 -285 -957 -535 -79 -992 -818 -895 -329 -318 -838 -587 -406 -637 -366 -893 -949 -560 -543 -682 -761 -981 -968 -155 -197 -282 -422 -43 -818 -735 -48 -962 -662 -348 -69 -26 -495 -510 -347 -280 -753 -799 -953 -988
324 -340 -983 -636 -649 -147 -916 -430 -982 -748 -80 -733 -352 -615 -300 -822 -89 -230 -326 -908 -291 -932 -97 -472 -396 -215 -861 -685 -330 -386 -970 -939 -72 -967 -419 -754 -801 -955 -433 -466 -324 -345 -109 -480 -937 -475 -987 -515 -804 -526
891 -840 -399 -902 -33 -627 -253 -186 -239 -127 -60 -809 -666 -912 -34 -790 -514 -78 -796 -464 -774 -333 -274 -892 -584 -467 -463 -519 -332 -466 -48 -782 -615 -727 -739 -121 -549 -593 -874 -352 -195 -198 -200 -724 -495 -426 -3 -393 -13 -714
587 -82 -139 -232 -33 -54 -399 -503 -931 -634 -631 -674 -552 -7 -506 -504 -391 -845 -69 -363 -781 -416 -504 -921 -30 -714 -130 -658 -411 -369 -650 -732 -77 -450 -408 -411 -137 -110 -516 -900 -901 -636 -701 -956 -450 -448 -404 -149 -922 -490
930 -281 -595 -162 -310 -130 -853 -291 -692 -137 -329 -461 -603 -941 -499 -831 -910 -310 -65 -580 -725 -170 -188 -502 -500 -320 -518 -737 -445 -604 -460 -473 -218 -811 -351 -150 -589 -319 -766 -663 -51 -44 -238 -885 -270 -188 -876 -417 -955 -953
170 -65 -652 -865 -632 -135 -510 -590 -709 -514 -669 -550 -854 -297 -238 -536 -255 -253 -381 -793 -352 -967 -993 -614 -793 -938 -493 -755 -185 -633 -72 -483 -211 -476 -287 -504 -98 -367 -354 -710 -79 -964 -876 -403 -280 -235 -438 -930 -387 -422
95 -56 -756 -730 -53 -502 -755 -226 -871 -960 -729 -526 -702 -629 -125 -37 -688 -113 -474 -495 -175 -511 -859 -582 -2 -851 -169 -413 -323 -279 -468 -386 -665 -884 -609 -480 -678 -715 -291 -904 -140 -324 -69 -609 -571 -311 -183 -749 -742 -682
671 -974 -567 -410 -689 -712 -48 -781 -442 -193 -539 -296 -394 -183 -700 -20 -104 -601 -838 -846 -978 -201 -331 -639 -789 -552 -553 -497 -602 -923 -169 -476 -394 -652 -801 -248 -83 -939 -380 -891 -347 -95 -952 -509 -164 -167 -801 -481 -921 -942
180 -679 -568 -359 -846 -201 -264 -957 -270 -43 -5 -951 -289 -726 -834 -609 -901 -910 -959 -694 -663 -539 -619 -797 -177 -101 -259 -234 -238 -484 -531 -278 -800 -278 -148 -465 -916 -506 -359 -887 -28 -692 -121 -1 -254 -170 -208 -854 -571 -943
645 -186 -162 -126 -18 -445 -741 -842 -958 -590 -581 -515 -198 -82 -778 -131 -519 -384 -69 -553 -729 -799 -114 -542 -854 -554 -816 -46 -59 -18 -499 -778 -110 -469 -972 -556 -865 -110 -926 -922 -22 -757 -692 -798 -676 -985 -642 -309 -816 -59
737 -383 -55 -76 -32 -807 -515 -169 -23 -563 -884 -734 -821 -662 -729 -377 -788 -164 -200 -489 -691 -582 -546 -31 -109 -295 -506 -779 -136 -309 -888 -978 -113 -468 -809 -566 -197 -288 -57 -415 -291 -433 -739 -257 -121 -732 -751 -517 -140 -96
622 -45 -980 -718 -571 -554 -127 -236 -259 -488 -220 -675 -686 -173 -291 -784 -950 -278 -83 -208 -71 -938 -636 -104 -471 -307 -967 -12 -368 -346 -387 -694 -988 -866 -417 -577 -9 -480 -177 -286 -525 -761 -302 -607 -571 -989 -664 -579 -230 -147
1 -145 -790 -468 -603 -296 -417 -532 -143 -878 -107 -631 -720 -575 -713 -200 -378 -65 -179 -808 -757 -917 -384 -709 -7 -657 -310 -313 -224 -68 -426 -37 -87 -489 -621 -741 -870 -928 -704 -741 -882 -57 -209 -148 -933 -555 -166 -528 -919 -132
809 -547 -194 -33 -13 -373 -941 -264 -312 -881 -796 -204 -338 -740 -853 -58 -845 -571 -718 -425 -485 -437 -94 -167 -17 -754 -113 -490 -43 -489 -312 -387 -269 -320 -416 -346 -540 -719 -393 -454 -393 -670 -802 -212 -21 -745 -564 -786 -149 -320
188 -484 -399 -284 -980 -942 -52 -383 -484 -203 -831 -652 -45 -94 -796 -991 -415 -767 -420 -109 -100 -905 -8 -503 -964 -281 -92 -699 -466 -193 -398 -428 -990 -998 -415 -411 -117 -703 -474 -982 -102 -255 -970 -744 -822 -565 -577 -272 -783 -178
598 -671 -316 -882 -254 -516 -368 -110 -886 -178 -952 -153 -560 -341 -134 -370 -757 -337 -831 -194 -82 -340 -551 -711 -229 -957 -564 -999 -666 -420 -712 -265 -41 -851 -211 -768 -402 -854 -704 -362 -68 -223 -166 -728 -10 -125 -691 -271 -136 -278
436 -207 -316 -259 -88 -136 -400 -643 -637 -486 -759 -234 -458 -149 -510 -867 -168 -605 -597 -276 -955 -972 -558 -265 -237 -264 -301 -84 -868 -572 -592 -147 -155 -957 -561 -618 -727 -301 -762 -851 -91 -232 -497 -827 -646 -221 -788 -558 -786 -479
622 -782 -473 -613 -763 -432 -435 -295 -624 -368 -171 -418 -655 -15 -963 -245 -537 -377 -621 -781 -388 -20 -260 -30 -856 -621 -658 -379 -148 -997 -651 -440 -974 -989 -673 -693 -187 -781 -322 -174 -276 -675 -935 -921 -874 -882 -518 -759 -139 -505
219 -815 -910 -54 -626 -560 -523 -586 -319 -485 -958 -111 -258 -46 -949 -519 -573 -588 -520 -295 -368 -372 -265 -12 -400 -465 -596 -445 -459 -307 -208 -817 -335 -452 -910 -18 -419 -853 -523 -2 -214 -140 -769 -828 -623 -817 -90 -79 -788 -481
543 -118 -263 -19 -470 -164 -30 -169 -418 -790 -874 -281 -152 -137 -386 -940 -535 -439 -785 -599 -55 -691 -525 -216 -230 -237 -674 -91 -510 -146 -230 -222 -299 -627 -910 -825 -643 -762 -497 -354 -735 -8 -67 -728 -322 -138 -549 -799 -487 -5
387 -68 -496 -559 -806 -321 -708 -816 -323 -322 -264 -818 -411 -465 -313 -589 -197 -623 -481 -446 -697 -381 -193 -40 -790 -282 -478 -499 -439 -285 -423 -796 -569 -885 -325 -518 -672 -262 -132 -280 -698 -88 -49 -662 -980 -67 -676 -700 -924 -133
784 -704 -198 -344 -233 -296 -11 -461 -485 -516 -663 -853 -326 -125 -122 -98 -199 -326 -802 -657 -453 -498 -607 -619 -200 -630 -575 -388 -498 -585 -642 -891 -63 -33 -865 -75 -782 -111 -450 -906 -919 -494 -967 -536 -669 -463 -824 -802 -646 -289
246 -552 -112 -504 -610 -195 -694 -915 -509 -524 -147 -562 -353 -625 -399 -544 -392 -608 -560 -749 -972 -609 -923 -816 -694 -262 -483 -979 -666 -287 -137 -254 -883 -268 -108 -25 -716 -754 -451 -556 -391 -610 -17 -114 -504 -878 -583 -589 -76 -549
849 -171 -959 -449 -122 -874 -484 -767 -289 -464 -89 -119 -248 -150 -657 -397 -466 -253 -843 -119 -726 -138 -659 -679 -289 -950 -296 -83 -512 -369 -46 -940 -646 -728 -708 -892 -475 -444 -577 -523 -398 -478 -211 -59 -733 -144 -880 -195 -930 -237
968 -697 -719 -19 -354 -107 -405 -872 -71 -256 -26 -627 -260 -323 -514 -469 -732 -56 -887 -543 -45 -969 -147 -669 -441 -219 -213 -556 -928 -493 -339 -256 -444 -17 -503 -177 -349 -702 -829 -447 -462 -69 -68 -651 -512 -979 -499 -904 -61 -646
133 -498 -560 -51 -128 -454 -563 -527 -491 -178 -9 -556 -254 -518 -373 -727 -326 -60 -347 -776 -49 -635 -245 -546 -759 -810 -960 -459 -209 -171 -873 -22 -630 -718 -626 -215 -492 -336 -649 -102 -237 -419 -931 -152 -794 -160 -309 -363 -307 -498
651 -145 -344 -557 -181 -830 -858 -479 -294 -285 -741 -870 -94 -591 -738 -154 -347 -110 -880 -819 -916 -882 -67 -926 -102 -89 -568 -709 -786 -812 -975 -333 -631 -592 -250 -796 -780 -186 -533 -650 -105 -711 -751 -527 -566 -723 -152 -70 -355 -192
955 -336 -330 -921 -934 -196 -227 -839 -743 -157 -254 -548 -498 -716 -254 -174 -328 -96 -700 -230 -826 -324 -513 -498 -150 -600 -416 -64 -513 -506 -187 -116 -942 -174 -309 -164 -734 -35 -608 -681 -744 -193 -912 -465 -219 -880 -88 -915 -162 -898
347 -466 -719 -812 -5 -910 -875 -936 -148 -455 -332 -351 -673 -508 -784 -157 -483 -443 -234 -29 -918 -865 -251 -128 -176 -812 -586 -832 -228 -343 -591 -801 -579 -750 -532 -738 -135 -179 -117 -384 -786 -784 -66 -500 -15 -798 -754 -198 -934 -869
379 -842 -126 -605 -735 -274 -142 -421 -992 -124 -444 -721 -552 -333 -466 -57 -530 -38 -822 -40 -629 -415 -801 -363 -506 -929 -939 -619 -612 -440 -725 -284 -984 -912 -798 -158 -461 -567 -890 -779 -469 -156 -31 -587 -396 -487 -298 -253 -385 -961
282 -967 -651 -197 -347 -855 -621 -927 -847 -338 -141 -187 -599 -806 -42 -761 -336 -980 -948 -640 -180 -960 -152 -105 -118 -907 -572 -414 -42 -16 -872 -530 -99 -934 -982 -594 -95 -742 -787 -325 -129 -597 -918 -672 -54 -980 -648 -453 -738 -30
205 -820 -524 -690 -890 -690 -199 -690 -551 -426 -186 -451 -943 -82 -690 -422 -142 -631 -862 -462 -19 -267 -851 -3 -774 -590 -497 -166 -611 -362 -838 -542 -567 -596 -882 -282 -634 -480 -835 -448 -526 -764 -362 -246 -960 -263 -301 -343 -748 -259
750 -736 -742 -442 -836 -667 -334 -261 -320 -147 -307 -642 -299 -714 -627 -383 -662 -168 -977 -282 -186 -124 -785 -666 -954 -208 -153 -804 -477 -416 -368 -127 -472 -707 -251 -81 -43 -670 -477 -469 -899 -293 -359 -60 -849 -715 -232 -293 -256 -435
223 -288 -477 -936 -567 -695 -562 -34 -162 -670 -435 -99 -897 -41 -564 -873 -787 -496 -34 -132 -876 -927 -58 -322 -191 -625 -584 -985 -791 -598 -969 -221 -11 -930 -298 -138 -673 -944 -466 -5 -804 -215 -381 -278 -952 -507 -939 -80 -925 -311
128 -372 -690 -274 -533 -379 -173 -424 -664 -467 -432 -35 -855 -852 -157 -953 -306 -651 -694 -599 -930 -55 -230 -262 -428 -418 -244 -957 -259 -66 -186 -159 -549 -984 -640 -311 -349 -888 -846 -857 -617 -307 -842 -731 -956 -473 -351 -948 -990 -435
479 -611 -666 -472 -73 -19 -521 -415 -670 -749 -638 -149 -497 -519 -353 -758 -702 -300 -440 -233 -861 -636 -267 -687 -502 -510 -222 -348 -222 -283 -205 -186 -363 -20 -602 -130 -533 -703 -363 -668 -990 -405 -634 -73 -891 -416 -893 -295 -643 -667
727 -845 -504 -482 -806 -992 -611 -357 -823 -397 -509 -103 -334 -335 -243 -867 -883 -556 -521 -73 -97 -83 -915 -909 -329 -400 -576 -184 -887 -859 -488 -764 -810 -582 -775 -730 -490 -878 -930 -487 -909 -124 -890 -398 -899 -284 -806 -351 -867 -629
54 -737 -397 -298 -718 -635 -178 -808 -399 -170 -888 -754 -516 -870 -274 -346 -11 -493 -175 -737 -242 -508 -82 -152 -381 -707 -251 -471 -229 -832 -596 -886 -323 -79 -534 -458 -694 -193 -156 -635 -385 -99 -512 -788 -568 -193 -685 -234 -724 -425
782 -696 -588 -188 -157 -226 -711 -875 -806 -305 -712 -135 -628 -143 -393 -796 -76 -443 -627 -814 -921 -567 -661 -173 -512 -736 -739 -405 -757 -158 -65 -497 -597 -852 -800 -992 -934 -442 -711 -528 -811 -930 -246 -475 -901 -175 -272 -127 -263 -101
631 -195 -880 -109 -532 -975 -398 -343 -918 -802 -257 -149 -595 -986 -973 -109 -965 -616 -357 -320 -391 -369 -884 -993 -848 -764 -405 -576 -839 -625 -95 -551 -304 -959 -585 -724 -941 -561 -588 -161 -713 -913 -560 -897 -513 -486 -863 -803 -196 -842
890 -427 -628 -647 -472 -880 -21 -379 -510 -56 -78 -921 -172 -883 -38 -122 -876 -158 -241 -372 -328 -406 -59 -658 -564 -904 -660 -132 -282 -774 -396 -456 -445 -757 -248 -921 -552 -477 -366 -551 -103 -216 -454 -655 -230 -223 -946 -933 -737 -577
656 -87 -628 -869 -916 -651 -148 -331 -283 -836 -845 -366 -726 -633 -382 -348 -411 -63 -770 -873 -667 -512 -752 -240 -535 -315 -765 -132 -4 -30 -672 -734 -353 -2 -934 -776 -966 -438 -336 -690 -807 -894 -770 -426 -369 -13 -45 -433 -221 -953
303 -964 -803 -119 -241 -736 -760 -398 -409 -442 -139 -519 -97 -269 -604 -653 -224 -85 -982 -490 -904 -612 -760 -307 -336 -771 -70 -629 -458 -60 -421 -88 -927 -845 -374 -226 -338 -360 -50 -247 -858 -720 -72 -896 -644 -942 -858 -425 -537 -565
695 -440 -844 -851 -77 -459 -655 -721 -524 -208 -397 -933 -627 -739 -251 -350 -309 -780 -491 -423 -892 -751 -177 -40 -314 -120 -698 -97 -435 -246 -817 -880 -391 -919 -828 -741 -102 -740 -206 -332 -757 -175 -783 -339 -168 -490 -249 -813 -256 -490
364 -358 -951 -340 -492 -208 -634 -543 -553 -733 -599 -586 -536 -38 -150 -647 -280 -811 -356 -624 -767 -396 -46 -344 -822 -687 -940 -470 -426 -843 -190 -926 -373 -717 -299 -992 -997 -769 -823 -981 -259 -203 -716 -999 -534 -478 -541 -576 -536 -869
695 -894 -249 -976 -465 -997 -404 -274 -782 -350 -655 -248 -40 -887 -310 -868 -647 -763 -250 -3 -698 -179 -542 -211 -797 -812 -715 -378 -692 -587 -452 -915 -919 -343 -324 -338 -342 -342 -95 -745 -943 -650 -175 -340 -61 -333 -24 -139 -115 -19
877 -461 -98 -272 -116 -349 -560 -433 -583 -952 -682 -719 -29 -996 -467 -377 -337 -16 -260 -977 -217 -871 -774 -667 -753 -934 -534 -921 -505 -369 -465 -138 -869 -897 -657 -860 -371 -329 -830 -815 -474 -849 -456 -708 -553 -354 -419 -414 -390 -282
364 -736 -536 -307 -340 -472 -759 -816 -227 -930 -730 -359 -94 -343 -513 -333 -724 -240 -453 -982 -70 -685 -556 -988 -677 -451 -690 -275 -496 -950 -492 -914 -286 -843 -270 -524 -40 -521 -696 -40 -467 -408 -892 -725 -813 -171 -467 -530 -749 -330
185 -957 -384 -388 -366 -563 -802 -75 -622 -704 -362 -256 -179 -655 -985 -984 -386 -419 -219 -975 -828 -399 -838 -492 -397 -203 -836 -397 -450 -752 -668 -517 -606 -327 -358 -274 -198 -964 -774 -564 -983 -705 -784 -452 -124 -984 -605 -705 -764 -472
325 -144 -323 -885 -950 -317 -335 -649 -19 -181 -782 -463 -672 -646 -974 -281 -605 -241 -22 -320 -634 -367 -851 -925 -170 -434 -525 -654 -923 -85 -500 -283 -749 -815 -876 -297 -432 -411 -545 -806 -91 -923 -615 -934 -978 -655 -760 -830 -224 -801
332 -799 -374 -395 -292 -438 -874 -411 -488 -153 -899 -61 -442 -572 -755 -153 -554 -636 -711 -767 -546 -4 -492 -640 -933 -103 -130 -247 -884 -405 -181 -704 -994 -769 -777 -416 -49 -594 -350 -134 -875 -705 -52 -264 -118 -178 -17 -800 -250 -407
161 0 -76 -225 -229 -355 -552 -712 -391 -519 -482 -253 -84 -552 -702 -102 -187 -199 -618 -706 -230 -435 -224 -269 -695 -254 -504 -830 -613 -11 -461 -848 -790 -958 -854 -38 -790 -637 -656 -474 -49 -493 -674 -47 -718 -721 -450 -405 -670 -903
406 -902 -555 -154 -830 -543 -859 -519 -328 -72 -727 -818 -747 -704 -559 -881 -280 -131 -233 -437 -957 -837 -953 -892 -493 -507 -739 -897 -133 -560 -847 -384 -575 -429 -469 -748 -356 -493 -905 -12 -998 -872 -488 -566 -268 -686 -220 -474 -738 -79
91 -643 -536 -752 -439 -825 -489 -777 -210 -850 -175 -413 -369 -658 -964 -425 -59 -681 -68 -56 -449 -308 -370 -14 -431 -678 -481 -548 -780 -368 -292 -811 -239 -63 -839 -909 -634 -638 -359 -352 -604 -355 -599 -780 -370 -670 -166 -376 -285 -495
293 -672 -594 -215 -821 -937 -429 -587 -744 -472 -39 -820 -758 -144 -955 -746 -612 -962 -691 -66 -320 -850 -264 -37 -799 -519 -314 -827 -683 -123 -516 -280 -959 -748 -540 -934 -101 -435 -66 -35 -947 -683 -591 -85 -400 -708 -695 -51 -429 -376
18 -309 -266 -469 -943 -63 -230 -453 -386 -698 -4 -162 -760 -899 -290 -966 -440 -592 -19 -418 -797 -616 -344 -373 -513 -579 -162 -559 -556 -650 -700 -279 -814 -192 -78 -834 -569 -377 -644 -909 -562 -777 -601 -805 -433 -601 -414 -740 -6 -549
992 -151 -719 -698 -25 -238 -912 -110 -509 -339 -274 -760 -735 -839 -535 -770 -317 -617 -941 -771 -698 -184 -609 -722 -90 -555 -589 -104 -987 -223 -973 -22 -259 -785 -103 -191 -908 -709 -450 -951 -279 -807 -456 -676 -72 -727 -198 -259 -758 -682
499 -46 -110 -78 -319 -653 -144 -198 -463 -979 -802 -303 -334 -690 -667 -594 -94 -321 -979 -188 -511 -301 -370 -378 -423 -238 -686 -48 -539 -804 -928 -708 -628 -617 -897 -895 -206 -848 -809 -940 -389 -567 -177 -372 -873 -697 -586 -432 -475 -623
589 -881 -576 -288 -820 -517 -830 -62 -80 -714 -853 -244 -501 -264 -48 -141 -211 -674 -108 -285 -119 -342 -880 -830 -801 -557 -629 -580 -831 -581 -975 -178 -922 -661 -77 -737 -423 -880 -278 -613 -592 -837 -461 -811 -436 -270 -422 -352 -269 -961
889 -100 -624 -852 -855 -199 -963 -724 -434 -34 -666 -367 -426 -145 -994 -439 -237 -95 -881 -170 -239 -131 -693 -801 -938 -201 -837 -534 -287 -68 -117 -498 -670 -123 -486 -965 -338 -954 -13 -7 -377 -219 -106 -774 -835 -460 -885 -865 -841 -42
652 -749 -592 -934 -383 -190 -885 -271 -792 -448 -355 -881 -173 -302 -58 -348 -920 -139 -67 -456 -905 -743 -570 -223 -313 -676 -851 -139 -275 -89 -160 -419 -407 -95 -89 -120 -798 -627 -461 -340 -605 -827 -209 -925 -379 -893 -759 -463 -285 -644
112 -304 -653 -771 -684 -295 -198 -759 -993 -207 -212 -697 -491 -761 -497 -41 -195 -96 -602 -937 -779 -121 -564 -537 -841 -186 -817 -526 -962 -850 -695 -105 -489 -482 -875 -973 -344 -378 -658 -369 -494 -303 -272 -847 -689 -996 -260 -307 -710 -582
364 -984 -47 -21 -869 -864 -652 -423 -630 -427 -117 -519 -709 -570 -87 -679 -18 -891 -269 -113 -499 -200 -153 -308 -167 -899 -563 -52 -479 -429 -609 -611 -178 -64 -192 -608 -704 -681 -914 -173 -561 -90 -464 -709 -335 -134 -969 -501 -129 -879
668 -531 -514 -837 -715 -484 -673 -183 -17 -946 -386 -135 -277 -990 -277 -281 -471 -146 -237 -748 -842 -355 -188 -980 -266 -821 -797 -551 -305 -263 -90 -719 -773 -592 -711 -679 -99 -338 -399 -66 -442 -693 -965 -200 -201 -376 -421 -170 -859 -364
549 -408 -757 -361 -382 -65 -812 -949 -303 -459 -204 -890 -844 -3 -839 -488 -547 -552 -563 -451 -783 -115 -23 -702 -648 -825 -582 -199 -739 -308 -125 -845 -470 -431 -154 -664 -687 -817 -646 -584 -741 -315 -652 -856 -703 -525 -146 -36 -460 -630
304 -185 -635 -939 -431 -844 -779 -794 -956 -437 -725 -471 -828 -173 -281 -631 -402 -351 -871 -675 -639 -443 -752 -999 -273 -408 -275 -812 -767 -515 -803 -906 -396 -515 -57 -578 -131 -383 -223 -243 -802 -146 -405 -475 -17 -557 -711 -249 -44 -214
910 -584 -847 -872 -118 -439 -635 -875 -536 -663 -30 -365 -449 -332 -319 -657 -755 -880 -146 -47 -290 -964 -240 -924 -169 -336 -68 -668 -470 -109 -497 -661 -4 -992 -424 -678 -144 -986 -408 -895 -62 -615 -518 -955 -948 -908 -728 -675 -799 -892
989 -957 -741 -100 -264 -685 -243 -573 -308 -338 -720 -690 -353 -413 -25 -315 -775 -365 -582 -114 -675 -655 -957 -172 -376 -116 -302 -753 -616 -410 -791 -399 -427 -696 -553 -916 -39 -884 -914 -979 -393 -864 -68 -522 -843 -197 -374 -473 -335 -294
633 -341 -922 -112 -462 -341 -4 -304 -262 -645 -687 -782 -698 -458 -22 -776 -148 -260 -376 -290 -606 -779 -237 -165 -873 -323 -840 -589 -817 -890 -21 -360 -711 -148 -46 -844 -647 -404 -57 -976 -492 -942 -748 -485 -88 -90 -123 -334 -936 -172
721 -446 -271 -234 -773 -161 -409 -630 -855 -942 -955 -725 -84 -547 -450 -63 -46 -434 -649 -839 -519 -442 -175 -125 -783 -65 -593 -594 -340 -273 -771 -972 -698 -512 -996 -579 -964 -629 -699 -867 -577 -687 -453 -339 -258 -72 -929 -269 -634 -778
205 -631 -327 -481 -641 -330 -417 -305 -677 -465 -305 -121 -495 -403 -36 -889 -399 -85 -792 -575 -447 -346 -565 -800 -341 -668 -303 -310 -443 -536 -860 -853 -881 -36 -745 -562 -969 -740 -146 -606 -404 -470 -905 -335 -859 -331 -407 -591 -768 -687
497 -402 -573 -426 -556 -802 -949 -312 -772 -565 -42 -286 -714 -642 -79 -742 -524 -319 -455 -733 -177 -911 -670 -114 -589 -834 -367 -434 -354 -877 -381 -130 -112 -739 -981 -429 -390 -524 -739 -911 -241 -70 -149 -528 -60 -209 -30 -477 -209 -311
75 -731 -287 -172 -435 -405 -829 -162 -202 -49 -829 -616 -655 -126 -461 -844 -23 -721 -618 -110 -241 -72 -541 -751 -476 -158 -171 -699 -333 -472 -367 -795 -790 -815 -731 -957 -563 -551 -48 -863 -70 -400 -658 -922 -606 -355 -855 -668 -731 -559
128 -249 -278 -908 -297 -467 -415 -191 -494 -31 -886 -392 -591 -417 -774 -953 -102 -843 -910 -800 -302 -106 -818 -758 -606 -522 -546 -537 -398 -627 -658 -86 -986 -940 -578 -267 -620 -231 -574 -229 -815 -437 -952 -709 -497 -291 -652 -928 -400 -485
237 -367 -64 -522 -278 -356 -316 -920 -388 -359 -452 -530 -266 -264 -661 -727 -165 -501 -183 -757 -241 -758 -859 -925 -859 -327 -956 -225 -496 -414 -568 -83 -134 -974 -670 -136 -498 -939 -66 -933 -642 -478 -934 -112 -4 -475 -268 -235 -662 -930
682 -916 -224 -155 -764 -120 -767 -958 -632 -649 -363 -969 -886 -918 -723 -75 -943 -203 -511 -209 -312 -152 -654 -590 -487 -574 -769 -921 -325 -94 -991 -377 -300 -44 -11 -380 -770 -885 -436 -745 -447 -229 -523 -506 -580 -277 -26 -863 -428 -603
491 -454 -383 -785 -830 -359 -77 -506 -439 -224 -456 -554 -744 -172 -781 -638 -770 -49 -293 -933 -458 -105 -878 -789 -930 -521 -743 -528 -365 -265 -300 -680 -903 -780 -15 -281 -948 -185 -160 -430 -344 -592 -998 -871 -503 -145 -126 -353 -190 -593
155 -519 -257 -190 -128 -311 -518 -702 -650 -120 -426 -483 -152 -707 -123 -250 -119 -935 -846 -203 -985 -97 -490 -587 -623 -612 -989 -561 -127 -78 -637 -334 -55 -443 -625 -888 -722 -477 -441 -17 -442 -276 -195 -451 -440 -883 -512 -975 -944 -51
966 -823 -56 -884 -407 -656 -714 -425 -754 -491 -63 -555 -929 -246 -863 -585 -882 -359 -911 -431 -298 -625 -674 -996 -23 -306 -571 -568 -108 -724 -681 -318 -43 -187 -900 -630 -534 -366 -760 -734 -182 -209 -775 -530 -864 -122 -92 -602 -717 -963
269 -171 -137 -503 -768 -897 -326 -224 -514 -819 -705 -849 -931 -895 -717 -640 -606 -335 -63 -406 -424 -44 -258 -257 -591 -907 -692 -874 -125 -693 -416 -331 -860 -699 -989 -283 -628 -369 -120 -349 -260 -387 -541 -589 -397 -790 -924 -333 -749 -928
330 -48 -475 -866 -260 -149 -398 -212 -643 -69 -522 -674 -333 -64 -773 -638 -104 -181 -959 -351 -253 -97 -57 -184 -538 -538 -728 -323 -432 -852 -162 -32 -727 -987 -624 -328 -838 -899 -340 -511 -631 -861 -485 -602 -650 -34 -120 -613 -177 -532
409 -88 -405 -315 -947 -283 -367 -942 -444 -823 -841 -819 -5 -431 -22 -969 -224 -567 -470 -259 -818 -187 -551 -288 -620 -612 -153 -81 -572 -335 -352 -330 -33 -142 -624 -660 -224 -219 -148 -866 -704 -233 -119 -59 -925 -605 -503 -928 -266 -798
470 -255 -560 -393 -979 -975 -175 -152 -224 -548 -754 -284 -757 -149 -528 -384 -718 -988 -208 -688 -217 -30 -845 -738 -530 -668 -826 -731 -370 -849 -384 -781 -749 -341 -245 -136 -242 -970 -807 -983 -545 -285 -153 -796 -969 -686 -230 -462 -167 -427
780 -850 -821 -506 -610 -136 -706 -478 -941 -608 -575 -140 -615 -589 -514 -783 -114 -656 -350 -368 -43 -872 -395 -570 -442 -440 -778 -989 -113 -105 -979 -305 -308 -490 -498 -718 -80 -5 -112 -289 -990 -269 -750 -25 -641 -605 -111 -275 -198 -122
294 -923 -589 -435 -422 -260 -621 -175 -425 -762 -332 -352 -531 -989 -415 -855 -463 -745 -46 -465 -506 -940 -948 -904 -511 -152 -318 -221 -179 -322 -18 -324 -747 -505 -18 -600 -570 -411 -945 -193 -902 -292 -677 -252 -29 -817 -285 -122 -845 -484
405 -946 -553 -240 -120 -635 -923 -216 -141 -445 -726 -91 -886 -824 -131 -875 -852 -304 -151 -814 -463 -543 -346 -756 -581 -699 -979 -859 -128 -394 -826 -487 -765 -962 -446 -965 -529 -278 -264 -106 -711 -62 -824 -560 -137 -270 -783 -73 -715 -98
773 767 478 272 411 451 347 903 19 692 637 703 967 658 533 801 743 163 224 39 32 758 572 167 145 671 131 309 559 867 407 775 412 300 550 820 203 487 992 79 855 395 839 9 580 789 365 61 70 618
